0
20003 100004
20188 96605
20742 93222
21663 89870
22947 86565
24587 83322
26576 80156
28904 77083
31562 74115
34536 71267
37813 68552
41377 65983
45213 63570
49303 61327
53627 59262
58165 57386
62897 55707
67801 54233
72854 52971
78032 51926
83312 51104
88669 50508
94079 50141
99516 50005
104955 50100
110371 50425
115740 50981
121035 51763
126234 52768
131311 53992
136243 55428
141007 57071
145582 58912
149946 60944
154079 63156
157961 65539
161576 68081
164905 70771
167935 73596
170650 76543
173038 79599
175088 82749
176791 85979
178139 89274
179126 92619
179746 95997
179997 99395
179878 102795
179390 106182
178534 109540
177315 112855
175739 116110
173812 119290
171543 122382
168944 125369
166026 128240
162802 130979
159288 133576
155499 136017
151454 138292
147170 140389
142668 142299
137969 144014
133095 145526
128067 146826
122910 147910
117646 148773
112301 149409
106899 149818
101465 149995
96024 149942
90602 149657
85223 149143
79913 148401
74695 147436
69595 146251
64635 144852
59839 143245
55228 141439
50825 139441
46650 137260
42721 134907
39057 132393
35675 129729
32591 126927
29819 124000
27371 120963
25259 117829
23493 114612
22082 111327
21030 107991
20344 104617
20027 101222
1
143303 129822
146563 129278
149744 128378
152806 127134
155713 125561
158429 123678
160922 121507
163161 119075
165118 116412
166771 113550
168098 110523
169085 107368
169719 104124
169992 100830
169901 97526
169446 94252
168635 91048
167476 87953
165984 85004
164176 82237
162075 79685
159706 77380
157097 75350
154281 73619
151292 72209
148166 71136
144941 70413
141656 70049
140003 70004
138350 70049
135065 70413
131840 71136
128714 72209
125725 73619
122909 75350
120300 77380
117931 79685
115830 82237
114022 85004
112530 87953
111371 91048
110560 94252
110106 97526
110014 100830
110287 104124
110921 107368
111908 110523
113235 113550
114888 116412
116845 119075
119084 121507
121577 123678
124293 125561
127200 127134
130262 128378
133443 129278
136703 129822
140003 130004
2
63303 129822
66563 129278
69744 128378
72806 127134
75713 125561
78429 123678
80922 121507
83161 119075
85118 116412
86771 113550
88098 110523
89085 107368
89719 104124
89992 100830
89900 97526
89446 94252
88635 91048
87476 87953
85984 85004
84176 82237
82075 79685
79706 77380
77097 75350
74281 73619
71292 72209
68166 71136
64941 70413
61656 70049
60003 70004
58350 70049
55065 70413
51840 71136
48714 72209
45725 73619
42909 75350
40300 77380
37931 79685
35830 82237
34022 85004
32530 87953
31371 91048
30560 94252
30105 97526
30014 100830
30287 104124
30921 107368
31908 110523
33235 113550
34888 116412
36846 119075
39084 121507
41577 123678
44293 125561
47200 127134
50262 128378
53443 129278
56703 129822
60003 130004
3
45520 94431
46021 94296
46492 94077
46917 93779
47284 93412
47581 92987
47801 92517
47935 92016
47980 91499
47935 90982
47801 90481
47581 90010
47284 89585
46917 89218
46492 88921
46021 88701
45520 88567
45003 88522
44486 88567
43985 88701
43514 88921
43089 89218
42722 89585
42425 90010
42205 90481
42071 90982
42026 91499
42071 92016
42205 92517
42425 92987
42722 93412
43089 93779
43514 94077
43985 94296
44486 94431
45003 94476
4
45003 100936
43364 100793
41775 100367
40284 99672
38937 98728
37773 97565
36830 96218
36135 94727
35709 93138
35565 91499
35709 89860
36135 88271
36830 86780
37773 85432
38937 84269
40284 83326
41775 82630
43364 82205
45003 82061
46642 82205
48231 82630
49722 83326
51069 84269
52233 85432
53176 86780
53871 88271
54297 89860
54441 91499
54297 93138
53871 94727
53176 96218
52233 97565
51069 98728
49722 99672
48231 100367
46642 100793
5
60326 121276
60640 121192
60934 121055
61200 120869
61429 120640
61615 120374
61752 120080
61836 119766
61864 119443
61836 119120
61752 118806
61615 118512
61429 118247
61200 118017
60934 117831
60640 117694
60326 117610
60003 117581
59680 117610
59366 117694
59072 117831
58806 118017
58577 118247
58391 118512
58254 118806
58170 119120
58142 119443
58170 119766
58254 120080
58391 120374
58577 120640
58806 120869
59072 121055
59366 121192
59680 121276
60003 121305
6
60503 113466
60988 113336
61444 113123
61855 112835
62210 112480
62498 112069
62710 111614
62840 111129
62884 110628
62840 110128
62710 109643
62498 109188
62210 108776
61855 108421
61444 108133
60988 107921
60503 107791
60003 107747
59503 107791
59018 107921
58562 108133
58151 108421
57796 108776
57508 109188
57296 109643
57166 110128
57122 110628
57166 111129
57296 111614
57508 112069
57796 112480
58151 112835
58562 113123
59018 113336
59503 113466
60003 113509
7
60003 124963
58273 124811
56596 124362
55023 123628
53601 122632
52373 121405
51377 119983
50643 118409
50194 116732
50043 115003
50194 113273
50643 111596
51377 110022
52373 108600
53601 107372
55023 106377
56596 105643
58273 105193
60003 105042
61733 105193
63410 105643
64983 106377
66405 107372
67633 108600
68629 110022
69363 111596
69812 113273
69963 115003
69812 116732
69363 118409
68629 119983
67633 121405
66405 122632
64983 123628
63410 124362
61733 124811
8
73472 97602
74788 97249
76022 96674
77138 95892
78102 94929
78883 93813
79459 92578
79811 91263
79930 89905
79811 88548
79459 87232
78883 85998
78102 84882
77138 83918
76022 83137
74788 82561
73472 82209
72115 82090
70758 82209
69442 82561
68207 83137
67091 83918
66128 84882
65346 85998
64771 87232
64418 88548
64299 89905
64418 91263
64771 92578
65346 93813
66128 94929
67091 95892
68207 96674
69442 97249
70758 97602
72115 97721
9
72115 101231
70148 101059
68241 100548
66452 99714
64835 98581
63439 97185
62307 95568
61472 93779
60961 91872
60789 89905
60961 87939
61472 86032
62307 84243
63439 82626
64835 81229
66452 80097
68241 79263
70148 78752
72115 78580
74081 78752
75988 79263
77778 80097
79395 81229
80790 82626
81923 84243
82757 86032
83268 87939
83440 89905
83268 91872
82757 93779
81923 95568
80790 97185
79395 98581
77778 99714
75988 100548
74081 101059
10
72115 94211
71367 94146
70642 93951
69962 93634
69347 93204
68816 92673
68386 92058
68069 91378
67874 90653
67809 89905
67874 89158
68069 88433
68386 87753
68816 87138
69347 86607
69962 86177
70642 85859
71367 85665
72115 85600
72862 85665
73587 85859
74268 86177
74882 86607
75413 87138
75844 87753
76161 88433
76355 89158
76420 89905
76355 90653
76161 91378
75844 92058
75413 92673
74882 93204
74268 93634
73587 93951
72862 94146
11
142669 119825
145287 119293
147811 118417
150195 117212
152398 115700
154379 113907
156104 111867
157542 109615
158667 107192
159458 104640
159903 102006
159992 99335
159724 96677
159105 94078
158145 91585
156861 89242
155276 87091
153419 85171
151322 83515
149023 82153
146564 81110
143987 80405
141339 80048
140003 80004
138667 80048
136019 80405
133442 81110
130983 82153
128684 83515
126587 85171
124730 87091
123145 89242
121861 91585
120901 94078
120282 96677
120014 99335
120103 102006
120548 104640
121339 107192
122464 109615
123902 111867
125626 113907
127608 115700
129811 117212
132195 118417
134719 119293
137337 119825
140003 120004
12
140003 125004
136990 124821
134020 124277
131138 123379
128385 122140
125801 120578
123425 118716
121290 116582
119428 114205
117867 111622
116628 108869
115730 105987
115185 103017
115003 100004
115185 96990
115730 94021
116628 91139
117867 88386
119428 85802
121290 83426
123425 81291
125801 79429
128385 77867
131138 76628
134020 75730
136990 75186
140003 75004
143016 75186
145986 75730
148868 76628
151621 77867
154205 79429
156581 81291
158716 83426
160578 85802
162139 88386
163378 91139
164276 94021
164821 96990
165003 100004
164821 103017
164276 105987
163378 108869
162139 111622
160578 114205
158716 116582
156581 118716
154205 120578
151621 122140
148868 123379
145986 124277
143016 124821
13
140003 97504
138701 97390
137438 97051
136253 96499
135182 95749
134258 94825
133508 93754
132955 92569
132617 91306
132503 90004
132617 88701
132955 87438
133508 86254
134258 85183
135182 84258
136253 83509
137438 82956
138701 82618
140003 82504
141305 82618
142568 82956
143753 83509
144824 84258
145748 85183
146498 86254
147051 87438
147389 88701
147503 90004
147389 91306
147051 92569
146498 93754
145748 94825
144824 95749
143753 96499
142568 97051
141305 97390
14
140003 116004
138961 115913
137951 115642
137003 115200
136146 114600
135407 113860
134807 113004
134365 112056
134094 111046
134003 110004
134094 108962
134365 107952
134807 107004
135407 106147
136146 105407
137003 104807
137951 104366
138961 104095
140003 104004
141045 104095
142055 104366
143003 104807
143860 105407
144599 106147
145199 107004
145641 107952
145912 108962
146003 110004
145912 111046
145641 112056
145199 113004
144599 113860
143860 114600
143003 115200
142055 115642
141045 115913